% 208
% Properties=species:S:1:pos:R:3 pbc="F F F"
1       0.18172587       3.74419136      -4.80474900
1       2.53943587       2.48277136      -7.46192900
1       4.11264587       4.46171336      -4.63906900
1       0.46101587       3.54897236      -7.13184200
1      -1.33621413       2.54249836      -8.28394500
1       0.35316587       5.63270936      -8.17882600
1      -7.08408413       1.67882636      -3.25351800
1       4.27866587       4.00929336      -6.89252400
1      -0.51365413       1.36413136      -4.58769500
1       6.30459587       2.75087136      -7.02736300
1       6.95996587       2.65140136      -4.58217800
1      -7.04745413       2.73078136      -5.80593200
1      -3.33664413      -0.56005364      -9.13208600
1       1.61360587      -1.22917764      -7.14738600
1       5.41829587      -4.60352064      -0.72294400
1       3.47789587      -2.60919364      -7.36355100
1      -2.48336413      -1.86783964       0.10915700
1       0.96926587       2.88752736      -2.20438700
1      -2.90130413      -5.56804864       0.59473800
1      -7.10466413      -2.45593964       0.13791400
1      -1.73585413      -4.66569664      -2.96895500
1       4.08762587      -2.86722964      -1.55146700
1      -3.39357413       3.17501736      -7.27680900
1      -5.63244413      -7.71434664      -0.88637700
1       4.44752587      -6.70817564      -1.27056900
1       1.97470587      -5.47928864      -3.97340700
1       0.81064587      -7.93063564       1.41523000
1      -1.43050413      -6.15582364      -1.13727200
1       2.21434587      -6.84427464      -2.04013800
1       0.76947587      -6.23782864      -0.24929900
1      -1.97984413      -8.35816064      -1.84707200
1       1.71749587      -9.06485364      -2.75709900
1       0.01700587      -2.10272564      -5.70865500
1       1.70058587      -0.46552264       9.60459800
1       1.99824587       5.22330636      -4.09525200
1       1.94587587       5.50898736      -1.70967600
1       1.93650587       7.31636836      -5.22842400
1      -0.23881413       8.66996336      -2.45780000
1      -1.77257413       4.91784936      -4.34013300
1      -0.12529413       8.31397636      -4.77071500
1      -1.89724413       6.94011836      -5.48128800
1       7.59698587      -4.45339064      -1.67968800
1      -3.48370413       3.38148236      -4.92612600
1       6.39992587       7.31269936       1.52804600
1       5.90424587       5.89053636      -4.08707400
1       6.75755587      -6.91496564       1.67943800
1       1.80504587      -5.51549964       5.35093200
1       0.83063587      -1.83029164       3.41655800
1       6.38015587      -5.59501164       5.07341500
1      -4.63237413      -0.81050964       0.11291700
1      -1.46721413      -0.35428364      -6.00084400
1       0.59841587      -1.26135264      -0.90985300
1      -3.32859413      -0.89030064      -2.90963700
1      -5.03230413      -0.37209064      -7.39016000
1      -2.45196413      -0.06858764       4.34633100
1       2.73739587      -3.29091164      -3.48252700
1       4.95604587       2.71893436      -3.31891600
1       4.53491587      -0.37638064      -4.91221000
1      -0.61284413      -4.17540264      -6.65421200
1      -1.52268413      -2.37457364      -2.16709700
1       2.34256587       0.60375036      -5.87263800
1      -3.92447413      -4.78697264      -3.90382900
1       7.12221587      -0.21948764      -5.83741300
1       1.51561587       0.50287936      -3.48036200
1      -4.53642413      -6.98556364      -4.52006500
1       0.12779587       6.83066136       0.99957000
1       4.25858587      -2.67890164      -5.17670400
1      -2.86173413      -7.22695764       2.25678900
1      -3.97211413       1.21251136      -1.02640200
1       5.54126587      -0.98276664      -2.07798800
1      -7.83415413      -2.76801864      -4.73626500
1      -1.35718413       0.20757536      -8.24881800
1       3.27360587      -6.24403264      -5.81962500
1       6.17890587      -4.05538364      -5.30669000
1       7.36765587      -1.29910364      -3.67724500
1      -0.28960413      -5.48181364      -4.70738400
1      -0.79961413      -7.68831764      -5.39699700
1      -4.21165413      -8.36123464      -2.64145400
1      -0.99348413      -5.63559664       8.08740700
1      -4.03211413       8.17032036      -2.53857700
1       2.96192587      -4.87852164      -7.74736600
1       7.46363587       5.66819736       2.99623900
1       5.79743587       2.29133636       2.12342900
1       5.69775587       3.65864436      -1.34936700
1       2.33483587       6.10085036       1.61908200
1      -0.06739413       6.61711536      -1.32500700
1      -9.06255413      -3.22996064      -1.09294100
1      -2.33036413       1.57030536       8.51145300
1       1.16589587       2.67391236       6.81775800
1      -9.26564413      -1.00687964      -1.99291700
1       8.07055587      -3.25617364       1.82993900
1       1.11719587       1.17706836      -0.44180300
1       3.73464587       7.09969336      -1.25166400
1       4.65116587       3.07323836       8.50655900
1       3.20519587      -0.38127864       7.71543300
1       3.15026587       4.12434136       6.98669200
1       4.22260587       4.49773536       4.91116300
1      -2.38331413       2.24646936       4.64021400
1      -1.11913413      -0.03677864       0.71886900
1       2.21876587       4.12637536       0.31211400
1      -0.57014413      -0.06062764       2.93345800
1       0.57964587      -1.57590164       5.70152100
1      -4.83587413       1.11685236      -4.56495400
1      -3.65168413      -1.06392864      -5.42916600
1      -0.19082413      -3.79107764       2.58316800
1       0.42065587      -7.27969764       6.74934600
1      -5.50034413      -1.74951564      -1.97283600
1       1.64121587      -3.47933364       6.57535200
1       5.70989587       5.98289536      -1.78483200
1       0.83735587      -1.83901964      -3.44108500
1      -2.39707413      -3.56474864       1.73316500
1       0.70032587       1.89510636       3.21140900
1       1.79342587       0.48573536       6.11413600
1      -2.82160413      -4.16104464      -7.53424800
1       7.66605587       2.29725336      -1.44392900
1       3.44167587       0.90293936      -0.32900700
1      -4.20664413      -3.39249464      -5.78810100
1       3.89574587       0.71739836      -2.72749700
1      -1.32927413       3.07484436      -1.50290700
1       4.93617587       0.76862336      -7.18055800
1      -3.69798413      -7.34834164       5.53544100
1       1.57551587      -4.47680564       1.19690900
1       9.12070587       1.81216736      -3.42917400
1      -5.88389413       2.59085036      -1.40041500
1       7.11338587       0.12986736      -0.66617800
1       2.97612587      -7.61072764       2.21716000
1      -6.60838413      -4.54718564       1.10886300
1      -4.32812413      -3.82216564       7.46820600
1       2.81790587       8.38235636       4.38443200
1      -7.68061413      -4.20944264      -2.85940800
1      -0.31738413      -5.49514964       4.19303200
1      -3.97044413      -3.26265964       3.53304800
1      -2.94261413      -3.48287864       5.62605100
1       8.94254587       3.40615036       0.16242100
1       4.30769587       2.95289536       0.38337800
1       9.22164587      -0.90729464      -0.69860900
1       6.17862587       0.06048036       1.44168100
1       7.84808587      -3.55924564      -3.79300100
1       0.22529587       5.42377336       4.33404400
1      -0.50379413       9.06569036       1.33395000
1       4.02964587       7.60482836       1.03342400
1      -0.46956413       7.09974736       5.87741600
1       2.51788587       5.99125036       3.94338900
1       5.18475587       0.89056136       7.75620400
1       6.20226587       1.05005036       5.63371800
1       6.39978587       5.50224336       5.11827000
1      -3.93275413       6.05529236      -1.47412600
1       2.75997587       1.00428236       4.03307000
1      -5.74967413      -4.78195564       3.32250300
1      -5.41308413      -4.11115264      -2.22837100
1       3.10106587      -1.13551164       3.19602400
1       0.44545587      -3.81376364       8.54160300
1      -0.10964413       2.50646236       8.79041500
1       3.71410587      -2.48301764       6.80969100
1       3.99501587      -0.95628464       1.04709200
1       6.63975587      -1.16827564       4.86804600
1       4.59370587      -2.30143764       4.61092000
1       6.14727587      -4.59787864       1.57216800
1       7.69972587      -1.11062964       2.77776900
1       4.73099587       2.27268936       4.20131700
1      -1.82786413       5.26062536      -2.03474700
1       7.87182587       3.43518736       2.25450000
1       4.92092587      -4.41756764       3.59299000
1       4.72567587      -8.08850664       0.66141400
1      -4.41389413       8.56759236       1.03118100
1      -6.62664413       5.05042536       4.76792100
1      -5.04746413      -5.49593464      -0.34248800
1      -6.64732413       5.37963336       0.91723000
1      -2.31200413      -0.77332864       8.20331700
1      -2.03662413      -5.61021364       5.84350300
1       2.81753587      -5.40944164       3.10399900
1      -0.71150413      -7.52222064       3.18501700
1      -7.23926413      -0.05735564      -5.87897400
1      -9.13004413       2.29544836       0.51950800
1      -7.65912413       6.25935436      -1.05399600
1      -2.45011413       1.69391836      -3.17608600
1      -5.75971413       4.79300936      -2.26808300
1      -3.25372413       5.16929236       2.64253200
1      -2.26692413       2.04925936       0.54710700
1       0.15584587       3.08736236       1.21842100
1      -1.49366413       6.02830036       7.66261900
1      -3.44240413       4.88578836       6.86802100
1       0.47699587      -0.90423364      -9.19356900
1       9.09257587      -3.19397064      -0.28936900
1       2.38862587      -2.51756964       0.05611100
1      -7.27463413      -0.76634064      -3.27349500
1      -5.62117413       4.38529436      -4.67206300
1      -0.18202413       3.17972936       4.94888100
1      -4.63452413      -1.54122164       7.89476400
1      -6.81008413       2.70800836       4.49836000
1      -3.50748413       2.54026136       6.67059400
1      -5.82896413      -0.63690764       6.01250500
1      -5.73654413       1.71545836       6.36767400
1      -5.71058413       2.12016836       2.48097600
1      -4.61227413      -1.03623964       3.97473000
1      -4.32667413       5.70475536       4.77758300
1      -3.43575413       2.83940436       2.54323400
1      -5.44668413       2.01055236      -7.53918100
1      -0.87589413       5.12772036       2.26118800
1      -0.39489413      -1.74421764       9.37601300
1      -4.42488413       6.21449736       0.84698800
1      -9.32379413      -0.05184264       0.25464100
1      -5.79953413      -0.20333464       2.14474100
1      -8.43881413      -3.30677264       3.05846900
1      -8.04798413      -1.05795564       2.05252400
1      -6.88818413       3.04136736       0.66652200
1      -1.72712413      -1.48076064       6.05597200
1      -4.80846413      -6.96284764       3.53170500
